2338,116752-->start

--------------?????
<= 06 e6 00 00 00 00 00 00 00 00 00 00 00 00 00 00
-> (32) version

<= 06 56 00 00 00 00 00 00 00 00 00 00 00 00 00 00
-> (512) nand flash id

<= 06 56 00 00 00 00 00 00 00 00 00 00 00 00 00 00
-> (512) nand flash id

<= 06 56 00 00 00 00 00 00 00 00 00 00 00 00 00 00
-> (512) nand flash id

<= 06 e6 01 00 00 00 00 00 00 00 00 00 00 00 00 00
-> (512) some data

<= 06 05 00 00 00 00 00 00 00 00 00 00 00 00 00 00
-> (528) info data (empty)

<= 06 e6 00 00 00 00 00 00 00 00 00 00 00 00 00 00
-> (32) version

----------------2343.006769  [4,890017]
<= 06 e6 04 00 00 00 00 00 00 00 00 00 00 00 00 00
-> (4) gpio data

<= 06 56 00 00 00 00 00 00 00 00 00 00 00 00 00 00
-> (512) nand flash id

<= 06 56 00 00 00 00 00 00 00 00 00 00 00 00 00 00
-> (512) nand flash id

<= 06 e6 01 00 00 00 00 00 00 00 00 00 00 00 00 00
-> (512) some data

----------------2343.242782 [5,12603]
<= 06 e6 a1 02 01 00 00 00 00 00 00 00 00 00 00 00
-> (2048) some data

<= 06 e6 a1 00 00 00 00 00 00 00 00 00 00 00 00 00
<- (1024) some data

<= 06 e6 08 01 00 00 00 00 00 00 00 00 00 00 00 00

<= 06 e6 41 00 00 00 20 00 00 00 00 00 00 00 00 00
-> (32) some data

<= 06 e6 41 00 00 20 20 00 00 00 00 00 00 00 00 00
-> (32) some data

<= 06 e6 41 00 00 40 20 00 00 00 00 00 00 00 00 00
-> (32) some data

<= 06 e6 41 00 00 60 20 00 00 00 00 00 00 00 00 00
-> (32) some data

<= 06 e6 41 00 00 80 20 00 00 00 00 00 00 00 00 00
-> (32) some data

<= 06 e6 41 00 00 a0 20 00 00 00 00 00 00 00 00 00
-> (32) some data

<= 06 e6 41 00 00 c0 20 00 00 00 00 00 00 00 00 00
-> (32) some data

<= 06 e6 41 00 00 e0 20 00 00 00 00 00 00 00 00 00
-> (32) some data

---------------2344.201837 [6,085085]
<= 06 e6 41 00 01 00 20 00 00 00 00 00 00 00 00 00
-> (32) some data

<= 06 e6 41 00 01 20 20 00 00 00 00 00 00 00 00 00
-> (32) some data

<= 06 e6 41 00 01 40 20 00 00 00 00 00 00 00 00 00
-> (32) some data

<= 06 e6 41 00 01 60 20 00 00 00 00 00 00 00 00 00
-> (32) some data

<= 06 e6 41 00 01 80 20 00 00 00 00 00 00 00 00 00
-> (32) some data

<= 06 e6 41 00 01 a0 20 00 00 00 00 00 00 00 00 00
-> (32) some data

<= 06 e6 41 00 01 c0 20 00 00 00 00 00 00 00 00 00
-> (32) some data

<= 06 e6 41 00 01 e0 20 00 00 00 00 00 00 00 00 00
-> (32) some data

------------------2345.153892 [7,03714]
<= 06 e6 41 00 02 00 20 00 00 00 00 00 00 00 00 00
-> (32) some data

<= 06 e6 41 00 02 20 20 00 00 00 00 00 00 00 00 00
-> (32) some data

<= 06 e6 41 00 02 40 20 00 00 00 00 00 00 00 00 00
-> (32) some data

<= 06 e6 41 00 02 80 20 00 00 00 00 00 00 00 00 00
-> (32) some data

<= 06 e6 41 00 02 a0 20 00 00 00 00 00 00 00 00 00
-> (32) some data

<= 06 e6 41 00 02 c0 20 00 00 00 00 00 00 00 00 00
-> (32) some data

<= 06 e6 41 00 02 e0 20 00 00 00 00 00 00 00 00 00
-> (32) some data

<= 06 e6 41 00 03 00 20 00 00 00 00 00 00 00 00 00
-> (32) some data

---------------2346.255955 [8,139203]
<= 06 e6 41 00 03 20 20 00 00 00 00 00 00 00 00 00
-> (32) some data

<= 06 e6 41 00 03 40 20 00 00 00 00 00 00 00 00 00
-> (32) some data

<= 06 e6 41 00 03 60 20 00 00 00 00 00 00 00 00 00
-> (32) some data

<= 06 e6 41 00 03 80 20 00 00 00 00 00 00 00 00 00
-> (32) some data

<= 06 e6 41 00 03 a0 20 00 00 00 00 00 00 00 00 00
-> (32) some data

<= 06 e6 41 00 03 c0 20 00 00 00 00 00 00 00 00 00
-> (32) some data

<= 06 e6 41 00 03 e0 20 00 00 00 00 00 00 00 00 00
-> (32) some data

<= 06 e6 41 00 04 00 20 00 00 00 00 00 00 00 00 00
-> (32) some data

----------------2347.208009 [9,091257]
<= 06 e6 41 00 04 20 20 00 00 00 00 00 00 00 00 00
-> (32) some data

<= 06 e6 41 00 04 40 20 00 00 00 00 00 00 00 00 00
-> (32) some data

<= 06 e6 41 00 04 60 20 00 00 00 00 00 00 00 00 00
-> (32) some data

<= 06 e6 41 00 04 80 20 00 00 00 00 00 00 00 00 00
-> (32) some data

<= 06 e6 41 00 04 a0 20 00 00 00 00 00 00 00 00 00
-> (32) some data

<= 06 e6 41 00 04 c0 20 00 00 00 00 00 00 00 00 00
-> (32) some data

<= 06 e6 41 00 04 e0 20 00 00 00 00 00 00 00 00 00
-> (32) some data

<= 06 e6 41 00 05 00 20 00 00 00 00 00 00 00 00 00
-> (32) some data

-----------------2348.157063 [10,040311]
<= 06 e6 41 00 05 20 20 00 00 00 00 00 00 00 00 00
-> (32) some data

<= 06 e6 41 00 05 40 20 00 00 00 00 00 00 00 00 00
-> (32) some data

<= 06 e6 41 00 05 60 20 00 00 00 00 00 00 00 00 00
-> (32) some data

<= 06 e6 41 00 05 80 20 00 00 00 00 00 00 00 00 00
-> (32) some data

<= 06 e6 41 00 05 a0 20 00 00 00 00 00 00 00 00 00
-> (32) some data

<= 06 e6 41 00 05 c0 20 00 00 00 00 00 00 00 00 00
-> (32) some data

<= 06 e6 41 00 05 e0 20 00 00 00 00 00 00 00 00 00
-> (32) some data

<= 06 e6 41 00 06 00 20 00 00 00 00 00 00 00 00 00
-> (32) some data

<= 06 e6 41 00 06 20 20 00 00 00 00 00 00 00 00 00
-> (32) some data

-----------------2349.194123 [11,077371]
<= 06 e6 41 00 06 40 20 00 00 00 00 00 00 00 00 00
-> (32) erase status?

<= 06 e6 41 00 06 60 20 00 00 00 00 00 00 00 00 00
-> (32) erase status?

<= 06 e6 41 00 06 80 20 00 00 00 00 00 00 00 00 00
-> (32) erase status?

<= 06 e6 41 00 06 a0 20 00 00 00 00 00 00 00 00 00
-> (32) erase status?

<= 06 e6 41 00 06 c0 20 00 00 00 00 00 00 00 00 00
-> (32) erase status?

<= 06 e6 41 00 06 e0 20 00 00 00 00 00 00 00 00 00
-> (32) erase status?

<= 06 e6 41 00 07 00 20 00 00 00 00 00 00 00 00 00
-> (32) erase status?

<= 06 e6 41 00 07 20 20 00 00 00 00 00 00 00 00 00
-> (32) erase status?

----------------2350.182179 [12,065427]
<= 06 e6 41 00 06 20 20 00 00 00 00 00 00 00 00 00
-> (32) erase status?

wwwwwwwwwwwwwwwwww
----------------2358.726668 [20,609916]
<= 06 e6 41 00 10 40 14 00 00 00 00 00 00 00 00 00
-> (20) erase status?

----------------2358.834674 [20,717922]
<= 06 e6 11 00 00 00 01 00 00 00 00 00 00 00 00 00

<= 06 e6 13 00 00 00 00 00 11 2c 21 10 82 00 00 00 
<- (8704) some data

<= 06 e6 12 00 00 00 00 00 10 2c 21 10 82 00 00 00
-> (8704) some data

<= 06 e6 13 00 00 00 00 01 11 2c 21 10 82 00 00 00
<- (8704) some data

<= 06 e6 12 00 00 00 00 01 10 2c 21 10 82 00 00 00
-> (8704) some data

wwwwwwwwwwwwwwwwww
-----------------2360.127748 [22,010996]
<= 06 e6 13 00 00 00 00 ff 11 2c 21 10 82 00 00 00
<- (8704) some data

<= 06 e6 12 00 00 00 00 ff 10 20 21 10 82 00 00 00
-> (8704) some data

<= 06 e6 11 00 00 00 01 00 00 00 00 00 00 00 00 00

<= 06 e6 11 00 03 45 01 00 00 00 00 00 00 00 00 00

----------------2360.138749 [22,021997]
<= 06 e6 13 00 03 45 00 00 11 2c 21 10 82 00 00 00
<- (8704) some data

wwwwwwwwwwwwwwww
----------------2365.545058 [27,428306]
<= 06 e6 13 00 0d 14 00 ff 11 2c 21 10 82 00 00 00
<- (8704) some data

<= 06 e6 12 00 0d 14 00 ff 10 2c 21 10 82 00 00 00
-> (8704) some data

<= 06 e6 11 00 0d 14 01 00 00 00 00 00 00 00 00 00

<= 06 e6 44 00 00 00 00 00 00 08 07 00 00 00 00 00
-> (512) some data

<= 06 e6 44 00 00 00 00 08 00 08 07 00 00 00 00 00
-> (512) some data

<= 06 e6 44 00 00 00 00 00 00 08 06 00 00 00 00 00
-> (512) some data

<= 06 e6 44 00 00 00 00 10 00 08 07 00 00 00 00 00

wwwwwwwwwwwwwwwwwww
-------------------2400.649066 [62,532314]
<= 06 e6 44 00 10 4d 00 00 00 40 06 00 00 00 00 00
-> (512) some data

<= 06 e6 11 00 10 4d 01 00 00 00 00 00 00 00 00 00

<= 06 e6 06 00 00 00 00 00 00 00 00 00 00 00 00 00
-> (512) some data

<= 06 e6 11 00 00 00 01 00 00 00 00 00 00 00 00 00

<= 06 e6 44 00 00 00 00 00 00 40 07 80 00 00 00 00

wwwwwwwwwwwwwwwwww
------------------2403.383222 [65,26647]
<= 06 e6 11 00 09 cc 01 00 00 00 00 00 00 00 00 00

<= 06 e6 11 00 09 cd 01 00 00 00 00 00 00 00 00 00

<= 06 e6 44 00 09 cd 00 c0 00 40 07 80 00 00 00 00

wwwwwwwwwwwwwwwwwwwww
------------------2423.694384 []
<= 06 e6 11 00 00 00 01 00 00 00 00 00 00 00 00 00

<= 06 e6 80 00 00 00 00 00 12 01 01 00 00 00 00 01
<- (9216) some write data

<= 06 e6 80 00 00 00 00 00 12 00 00 00 00 00 00 00
-> (9216) somr read data

------------------2545,716752 [207,6]


